<?xml version="1.0"?>
<opencv_storage>
<Camera_Matrix type_id="opencv-matrix">
  <rows>3</rows>
  <cols>3</cols>
  <dt>d</dt>
  <data>
    1.2952685344774400e+03 0. 6.6181838937395298e+02 0.
    1.2952685344774400e+03 4.5119847213114474e+02 0. 0. 1.</data></Camera_Matrix>
<Distortion_Coefficients type_id="opencv-matrix">
  <rows>5</rows>
  <cols>1</cols>
  <dt>d</dt>
  <data>
    -9.1244395706144538e-02 1.8105106210325694e+00
    1.7409593727749757e-02 7.8513228788226752e-03
    -5.3642297708197644e+00</data></Distortion_Coefficients>
<Avg_Reprojection_Error>3.0443070124455540e-01</Avg_Reprojection_Error>
</opencv_storage>
