<?xml version="1.0"?>
<opencv_storage>
<Camera_Matrix type_id="opencv-matrix">
  <rows>3</rows>
  <cols>3</cols>
  <dt>d</dt>
  <data>
    1.3157771044057988e+03 0. 6.9858656782558842e+02 0.
    1.3025072177859345e+03 4.3805037074757115e+02 0. 0. 1.</data></Camera_Matrix>
<Distortion_Coefficients type_id="opencv-matrix">
  <rows>5</rows>
  <cols>1</cols>
  <dt>d</dt>
  <data>
    3.6259543592862056e-02 2.2018592852617391e-01 1.2543123613696387e-02
    1.8175537540533721e-02 3.2672417126974929e-01</data></Distortion_Coefficients>
<Avg_Reprojection_Error>2.9258142253811031e-01</Avg_Reprojection_Error>
</opencv_storage>
