<?xml version="1.0"?>
<opencv_storage>
<Camera_Matrix type_id="opencv-matrix">
  <rows>3</rows>
  <cols>3</cols>
  <dt>d</dt>
  <data>
    2.3945739033970708e+03 0. 1.1053974134831508e+03 0.
    2.3945739033970708e+03 4.8567119892817499e+02 0. 0. 1.</data></Camera_Matrix>
<Distortion_Coefficients type_id="opencv-matrix">
  <rows>5</rows>
  <cols>1</cols>
  <dt>d</dt>
  <data>
    2.8173092926263271e-02 -7.7958809141800769e-02
    -3.8787165863786166e-03 2.2533495554116770e-02
    8.5297577164938476e-01</data></Distortion_Coefficients>
<Avg_Reprojection_Error>5.0091180706835836e-01</Avg_Reprojection_Error>
</opencv_storage>
