<?xml version="1.0"?>
<opencv_storage>
<Camera_Matrix type_id="opencv-matrix">
  <rows>3</rows>
  <cols>3</cols>
  <dt>d</dt>
  <data>
    6.5184103021070700e+02 0. 3.2276193311510553e+02 0.
    6.5184103021070700e+02 2.1120658259802707e+02 0. 0. 1.</data></Camera_Matrix>
<Distortion_Coefficients type_id="opencv-matrix">
  <rows>5</rows>
  <cols>1</cols>
  <dt>d</dt>
  <data>
    -1.0939089498246352e-01 5.1756087136315387e-01
    1.8180735389345232e-03 -3.3265554687567211e-03
    -7.2079094436631030e-01</data></Distortion_Coefficients>
<Avg_Reprojection_Error>2.6338070938900177e-01</Avg_Reprojection_Error>
</opencv_storage>
