<?xml version="1.0"?>
<opencv_storage>
<Camera_Matrix type_id="opencv-matrix">
  <rows>3</rows>
  <cols>3</cols>
  <dt>d</dt>
  <data>
    6.4882642086843600e+02 0. 3.2493022223051003e+02 0.
    6.4518612996680906e+02 2.0686508913019210e+02 0. 0. 1.</data></Camera_Matrix>
<Distortion_Coefficients type_id="opencv-matrix">
  <rows>5</rows>
  <cols>1</cols>
  <dt>d</dt>
  <data>
    -1.3128544860517694e-01 6.3113563430626884e-01
    6.4009453352407801e-04 -3.9244089868047281e-03
    -1.0065491031836462e+00</data></Distortion_Coefficients>
<Avg_Reprojection_Error>2.4286260126631792e-01</Avg_Reprojection_Error>
</opencv_storage>
